0.2044803 0.7937384 0.0017813
0.2317711 0.7681267 0.0001022
0.1774346 0.8224632 0.0001021
0.2766563 0.7232414 0.0001022
0.1545116 0.8453863 0.0001021
0.1584898 0.8414080 0.0001022
0.1426926 0.8572053 0.0001020
0.1399388 0.8599591 0.0001020
0.1275966 0.8723012 0.0001022
0.1426980 0.8571998 0.0001022
0.1190389 0.8808589 0.0001022
0.1153497 0.8845482 0.0001021
0.1420798 0.8578181 0.0001021
0.1424645 0.8574333 0.0001022
0.2760394 0.7238582 0.0001023
0.2579877 0.7419099 0.0001023
0.0001009 0.4472920 0.5526072
0.0001011 0.5431914 0.4567075
0.0001013 0.5681781 0.4317206
0.0000996 0.5083117 0.4915887
0.0000987 0.4610134 0.5388880
0.0000996 0.5757667 0.4241337
0.0000996 0.5111665 0.4887338
0.0001003 0.5070152 0.4928844
0.7324291 0.2674691 0.0001018
0.7322605 0.2544220 0.0133175
0.7271535 0.2727446 0.0001019
0.7472832 0.2402466 0.0124703
0.7834623 0.2164358 0.0001019
0.8463907 0.1535076 0.0001016
0.8145527 0.1853458 0.0001015
0.8183993 0.1814989 0.0001018
0.7962148 0.2036835 0.0001018
0.6615084 0.2654772 0.0730144
0.7264703 0.2002274 0.0733023
0.7500268 0.2498714 0.0001018
0.7596384 0.2262433 0.0141184
0.7795560 0.2079822 0.0124618
0.7661852 0.2321158 0.0016990
0.7748519 0.2110488 0.0140992
0.5635355 0.3222013 0.1142632
0.7042673 0.2166024 0.0791303
0.8131615 0.1536549 0.0331836
0.6367337 0.2367391 0.1265273
0.5781485 0.3223969 0.0994545
0.7248645 0.2492440 0.0258915
0.6981061 0.2182501 0.0836439
0.9581190 0.0078642 0.0340168
0.4351440 0.0774777 0.4873784
0.6546075 0.1460947 0.1992977
0.6055341 0.1242681 0.2701978
0.5353838 0.1476206 0.3169956
0.6699886 0.0917238 0.2382876
0.5933109 0.2100648 0.1966243
0.7304174 0.0757122 0.1938704
0.5700623 0.1181586 0.3117791
0.6240479 0.0473664 0.3285857
0.6133308 0.1078796 0.2787896
0.9103404 0.0606501 0.0290095
0.6830793 0.1045290 0.2123916
0.9508001 0.0424404 0.0067595
0.9783717 0.0001011 0.0215272
0.9768110 0.0001011 0.0230879
0.7726657 0.0992782 0.1280562
0.7923400 0.0507391 0.1569209
0.7378033 0.1475338 0.1146629
0.7435647 0.0302339 0.2262014
0.9449257 0.0208146 0.0342597
0.8086066 0.0001016 0.1912918
0.7508036 0.2030093 0.0461871
0.7372456 0.0251791 0.2375753
0.5698802 0.0479674 0.3821524
0.6026644 0.0314305 0.3659051
0.5879341 0.1941543 0.2179116
0.6695656 0.0969522 0.2334822
0.6544418 0.1189713 0.2265869
0.5829366 0.1069652 0.3100982
0.5217111 0.0374134 0.4408754
0.5477996 0.1466603 0.3055401
0.2621496 0.0001008 0.7377496
0.2378334 0.0001007 0.7620659
0.7182093 0.0189840 0.2628068
0.6248171 0.0671569 0.3080260
0.6803136 0.1004767 0.2192097
0.5256439 0.0001016 0.4742544
0.6127342 0.0329757 0.3542900
0.0001002 0.0001002 0.9997996
0.6161660 0.0387699 0.3450640
0.4514757 0.0001023 0.5484220
0.6070399 0.0000995 0.3928605
0.6077570 0.0000996 0.3921433
0.6605838 0.0590952 0.2803210
0.1643998 0.0363572 0.7992431
0.6547649 0.0234094 0.3218257
0.1169427 0.0001009 0.8829564
