0.1475114 0.0042401 0.0279135 0.8203350
0.1815268 0.0001022 0.0231782 0.7951928
0.1157809 0.0001020 0.0278842 0.8562329
0.1985794 0.0001022 0.0500133 0.7513051
0.0971023 0.0001020 0.0237739 0.8790218
0.1326651 0.0001020 0.0001020 0.8671309
0.0863943 0.0001019 0.0202590 0.8932447
0.0992262 0.0001019 0.0070520 0.8936199
0.0978422 0.0001020 0.0001020 0.9019537
0.0987250 0.0001021 0.0123148 0.8888581
0.0649181 0.0001021 0.0221715 0.9128084
0.0798042 0.0001020 0.0028917 0.9172021
0.1060455 0.0001020 0.0040229 0.8898296
0.0952071 0.0001021 0.0164693 0.8882215
0.2176162 0.0001023 0.0341702 0.7481114
0.2245141 0.0001022 0.0127237 0.7626600
0.0001015 0.5853442 0.0001015 0.4144527
0.0001009 0.4566908 0.0001009 0.5431073
0.0001013 0.4353120 0.0001013 0.5644855
0.0000994 0.4842208 0.0066487 0.5090313
0.0000991 0.5570101 0.0000991 0.4427917
0.0000994 0.4231720 0.0000994 0.5766293
0.0000999 0.5059518 0.0000999 0.4938483
0.0001006 0.5083609 0.0001006 0.4914380
0.6457192 0.0001019 0.0939667 0.2602122
0.6580154 0.0168149 0.0816348 0.2435349
0.6371140 0.0001020 0.0967704 0.2660136
0.7107941 0.0349916 0.0387070 0.2155072
0.7268276 0.0051979 0.0686977 0.1992768
0.7340268 0.0001018 0.1244346 0.1414368
0.6985709 0.0001016 0.1209126 0.1804149
0.7960387 0.0241314 0.0308288 0.1490010
0.6183231 0.0001020 0.1772383 0.2043367
0.4809222 0.0299539 0.2098164 0.2793075
0.5793596 0.0425430 0.1759712 0.2021262
0.6361642 0.0001019 0.1163310 0.2474030
0.6138293 0.0001022 0.1614523 0.2246162
0.5742828 0.0001022 0.2144218 0.2111932
0.5702496 0.0001021 0.1952754 0.2343728
0.5967903 0.0001022 0.1905999 0.2125076
0.5837647 0.1453844 0.0001016 0.2707492
0.7122359 0.1156254 0.0001017 0.1720370
0.5748696 0.0001023 0.2634260 0.1616022
0.4554738 0.0783175 0.2173516 0.2488571
0.4511395 0.0740365 0.1458541 0.3289698
0.7188879 0.0648976 0.0018548 0.2143598
0.6670575 0.1027610 0.0364084 0.1937730
0.4497440 0.0001024 0.5098580 0.0402957
0.2593274 0.4213178 0.2446201 0.0747347
0.4207206 0.1240212 0.2936442 0.1616139
0.4605073 0.2308078 0.1874303 0.1212546
0.4972633 0.3166260 0.0665677 0.1195431
0.4569751 0.1731074 0.2702153 0.0997021
0.5315736 0.1929655 0.0815270 0.1939339
0.5835534 0.1570714 0.1919233 0.0674519
0.3755088 0.2465511 0.2559678 0.1219723
0.5240583 0.3062823 0.1408896 0.0287698
0.5076541 0.2540716 0.1456450 0.0926293
0.8443486 0.0433615 0.0776265 0.0346634
0.6212759 0.2125042 0.0843807 0.0818392
0.9360756 0.0637241 0.0001001 0.0001001
0.9216120 0.0781924 0.0000978 0.0000978
0.9187908 0.0810138 0.0000977 0.0000977
0.4882322 0.0380664 0.3517869 0.1219144
0.4760454 0.0536647 0.3924562 0.0778337
0.5217206 0.0508345 0.2696827 0.1577622
0.4939124 0.1430046 0.3270006 0.0360823
0.4413776 0.0001024 0.5057884 0.0527316
0.5391096 0.1001481 0.3606398 0.0001025
0.6024661 0.0163123 0.1769680 0.2042536
0.5528085 0.1829141 0.2444454 0.0198320
0.5517969 0.3888553 0.0507860 0.0085619
0.4693961 0.3255706 0.1878074 0.0172259
0.4676129 0.1893975 0.1530911 0.1898985
0.5420619 0.2038939 0.1662322 0.0878119
0.6168712 0.2348013 0.0573201 0.0910075
0.5515553 0.3155245 0.0544988 0.0784215
0.2960978 0.3572671 0.3062753 0.0403597
0.4369891 0.2775670 0.1479290 0.1375150
0.1855806 0.6959477 0.1183713 0.0001004
0.1802097 0.7252366 0.0944535 0.0001001
0.7039729 0.2823853 0.0135403 0.0001016
0.4894926 0.2691033 0.1868670 0.0545371
0.6142222 0.2159298 0.0943615 0.0754865
0.3878600 0.4253344 0.1867040 0.0001016
0.5247867 0.3347993 0.1311478 0.0092661
0.0000989 0.9536030 0.0461992 0.0000989
0.4519703 0.2939143 0.2228896 0.0312259
0.2448288 0.4666400 0.2884284 0.0001028
0.0000978 0.0604212 0.9393831 0.0000978
0.0000978 0.0585591 0.9412453 0.0000978
0.3967220 0.1904732 0.3384118 0.0743930
0.1327914 0.7725461 0.0943802 0.0002823
0.4938913 0.2703588 0.2233912 0.0123588
0.0002851 0.8170097 0.1826044 0.0001009
