0.8737875 0.1315882 0.0975581 0.1187869 0.0993662 0.0947763 0.0982437 0.1029572 0.1007471 0.0926900 0.0980010 0.1024097 0.0896538 0.0898874 0.0829744 0.0849797 -0.0063716 0.0114930 0.0144131 0.0031932 0.0009231 0.0254909 0.0062028 0.0108920 0.0168321 0.0121964 0.0149150 0.0015279 0.0069067 -0.0018107 0.0092641 0.0028761 0.0072824 0.0121724 -0.0012555 0.0139846 0.0071997 0.0044915 0.0103268 0.0023519 0.0055340 -0.0027811 -0.0054183 -0.0044141 0.0123428 0.0067616 -0.0003513 -0.0219787 -0.0596146 -0.0217309 -0.0313100 -0.0341351 -0.0357230 -0.0149159 -0.0311971 -0.0348358 -0.0472250 -0.0364644 -0.0165207 -0.0296072 -0.0163742 -0.0307388 -0.0302269 -0.0162049 -0.0336669 -0.0126659 -0.0389652 -0.0216033 -0.0438262 -0.0006695 -0.0382597 -0.0523617 -0.0531653 -0.0172550 -0.0343633 -0.0310548 -0.0352183 -0.0571494 -0.0331916 -0.1061151 -0.1092608 -0.0464037 -0.0443642 -0.0284710 -0.0722576 -0.0553167 -0.1330231 -0.0491866 -0.0743042 -0.0810240 -0.0804350 -0.0393601 -0.0922643 -0.0449281 -0.1263113
0.1315882 0.8616230 0.0906786 0.1231967 0.0963612 0.0933407 0.0970446 0.0996280 0.0986613 0.0930072 0.0985588 0.0988598 0.0919956 0.0894808 0.0794268 0.0872050 -0.0193079 0.0065850 0.0082910 -0.0010459 -0.0096720 0.0158238 0.0004574 -0.0047909 0.0192549 0.0111883 0.0177749 0.0088926 0.0107704 0.0072418 0.0126426 0.0077886 0.0090137 0.0144900 0.0028216 0.0175155 0.0074760 0.0098135 0.0116488 0.0087429 0.0054976 0.0016646 -0.0033005 -0.0032285 0.0098904 0.0101241 -0.0023473 -0.0238097 -0.0612373 -0.0150706 -0.0323862 -0.0364853 -0.0331848 -0.0158177 -0.0302647 -0.0340638 -0.0490458 -0.0359965 -0.0104525 -0.0271965 -0.0132100 -0.0232744 -0.0232066 -0.0152025 -0.0276691 -0.0101201 -0.0351183 -0.0205238 -0.0421076 0.0030981 -0.0404097 -0.0556874 -0.0515847 -0.0196123 -0.0327485 -0.0251999 -0.0359017 -0.0586363 -0.0317695 -0.1140985 -0.1145799 -0.0457760 -0.0448662 -0.0313011 -0.0774591 -0.0528799 -0.1420420 -0.0456175 -0.0773441 -0.0806827 -0.0805463 -0.0374584 -0.1008869 -0.0421400 -0.1322317
0.0975581 0.0906786 0.8648165 0.0886634 0.1430684 0.1364836 0.1575735 0.1431607 0.1071813 0.1004215 0.1021531 0.1025804 0.1003466 0.0971502 0.0910425 0.0899322 -0.0124933 0.0064266 0.0153585 -0.0014234 -0.0050328 0.0200084 0.0040057 0.0004693 0.0163807 0.0105744 0.0208030 0.0098285 0.0071688 0.0053273 0.0150633 0.0003174 0.0143272 0.0149199 0.0013046 0.0209822 0.0097935 0.0045090 0.0131729 0.0113352 0.0091566 -0.0012636 -0.0035424 -0.0047981 0.0132188 0.0113516 -0.0025989 -0.0246935 -0.0649791 -0.0212947 -0.0302699 -0.0406962 -0.0336286 -0.0156500 -0.0337790 -0.0370522 -0.0488066 -0.0391026 -0.0189866 -0.0321719 -0.0164054 -0.0315373 -0.0291394 -0.0203966 -0.0361761 -0.0184902 -0.0411690 -0.0224568 -0.0487522 -0.0022861 -0.0432917 -0.0554734 -0.0572781 -0.0158992 -0.0307479 -0.0314434 -0.0406800 -0.0631909 -0.0332353 -0.1207334 -0.1255454 -0.0476535 -0.0438247 -0.0343167 -0.0824823 -0.0534309 -0.1477104 -0.0580447 -0.0833741 -0.0835488 -0.0834720 -0.0435592 -0.1048458 -0.0529420 -0.1390132
0.1187869 0.1231967 0.0886634 0.8753625 0.0903693 0.0873790 0.0902031 0.0958801 0.0935669 0.0848879 0.0921182 0.0895019 0.0844364 0.0836835 0.0783881 0.0812734 -0.0183843 0.0015654 0.0059601 -0.0082115 -0.0128992 0.0088287 -0.0035247 -0.0024092 0.0200473 0.0120534 0.0206778 0.0129269 0.0150115 0.0080827 0.0178776 0.0080991 0.0126934 0.0152857 0.0052301 0.0182985 0.0110295 0.0129319 0.0152206 0.0090208 0.0092170 0.0026119 0.0066213 -0.0015201 0.0138518 0.0103007 0.0019151 -0.0167967 -0.0586822 -0.0165739 -0.0261542 -0.0365420 -0.0311625 -0.0159015 -0.0237676 -0.0332122 -0.0465739 -0.0336344 -0.0086301 -0.0212417 -0.0114844 -0.0224358 -0.0206612 -0.0118752 -0.0232985 -0.0109763 -0.0378047 -0.0137985 -0.0403171 0.0063378 -0.0377044 -0.0506294 -0.0535319 -0.0145812 -0.0294668 -0.0254745 -0.0357769 -0.0557361 -0.0313577 -0.1129016 -0.1146950 -0.0428855 -0.0370503 -0.0273539 -0.0760151 -0.0530799 -0.1434366 -0.0445357 -0.0782564 -0.0759443 -0.0763943 -0.0346122 -0.1017813 -0.0432241 -0.1312126
0.0993662 0.0963612 0.1430684 0.0903693 0.8872923 0.1537446 0.1581199 0.1554306 0.1114738 0.1019215 0.1069764 0.1067228 0.1043642 0.1027756 0.0867628 0.0926768 -0.0112914 0.0142006 0.0161227 0.0044592 -0.0002662 0.0278168 0.0077403 0.0063136 0.0200196 0.0110802 0.0193028 0.0058124 0.0063533 0.0019144 0.0146804 0.0027644 0.0101331 0.0142124 -0.0025910 0.0186448 0.0066402 0.0061789 0.0142706 0.0069780 0.0132541 -0.0001642 -0.0059046 -0.0027949 0.0121163 0.0072026 -0.0023438 -0.0287875 -0.0629079 -0.0212652 -0.0354391 -0.0361512 -0.0360742 -0.0136452 -0.0347769 -0.0390700 -0.0505984 -0.0403157 -0.0204175 -0.0374444 -0.0195075 -0.0315331 -0.0315310 -0.0217238 -0.0324251 -0.0151871 -0.0436912 -0.0267987 -0.0482517 0.0021908 -0.0444888 -0.0578563 -0.0625670 -0.0152841 -0.0315138 -0.0317286 -0.0401617 -0.0640456 -0.0344677 -0.1240354 -0.1271374 -0.0487062 -0.0471083 -0.0374194 -0.0811392 -0.0548101 -0.1457977 -0.0566837 -0.0839937 -0.0874789 -0.0874535 -0.0429435 -0.1066587 -0.0553874 -0.1362130
0.0947763 0.0933407 0.1364836 0.0873790 0.1537446 0.8745598 0.1490085 0.1486319 0.1095819 0.0987934 0.1041941 0.1040848 0.0995424 0.0973466 0.0860216 0.0928750 -0.0098237 0.0120073 0.0127846 0.0031453 0.0020058 0.0261441 0.0094434 0.0063007 0.0182050 0.0117228 0.0188826 0.0093835 0.0096389 0.0034984 0.0103023 0.0008612 0.0118886 0.0134343 -0.0035160 0.0149630 0.0022773 0.0027581 0.0052532 0.0059360 0.0112682 -0.0002304 -0.0037998 -0.0035127 0.0126100 0.0087184 -0.0011341 -0.0322646 -0.0616968 -0.0237602 -0.0367644 -0.0351789 -0.0356028 -0.0152422 -0.0370293 -0.0348962 -0.0551835 -0.0413108 -0.0210794 -0.0340497 -0.0182237 -0.0339442 -0.0322608 -0.0195912 -0.0339117 -0.0146563 -0.0439610 -0.0293250 -0.0456479 -0.0020365 -0.0460661 -0.0575291 -0.0600416 -0.0155913 -0.0344093 -0.0315354 -0.0378602 -0.0645387 -0.0325914 -0.1180702 -0.1234545 -0.0481592 -0.0445346 -0.0353533 -0.0794508 -0.0518221 -0.1412823 -0.0559816 -0.0788407 -0.0898510 -0.0897027 -0.0417393 -0.1001976 -0.0548026 -0.1291289
0.0982437 0.0970446 0.1575735 0.0902031 0.1581199 0.1490085 0.8667715 0.1609435 0.1108248 0.1057034 0.1094129 0.1104051 0.1035428 0.1028030 0.0871285 0.0944198 -0.0158633 0.0109238 0.0175191 0.0064267 -0.0035803 0.0244048 0.0053297 0.0026245 0.0169885 0.0121768 0.0193933 0.0081288 0.0070464 0.0044503 0.0121616 0.0032709 0.0123583 0.0148639 0.0009975 0.0192829 0.0036744 0.0051927 0.0114307 0.0111647 0.0115042 0.0004539 -0.0055183 -0.0054181 0.0095061 0.0073382 -0.0044556 -0.0298277 -0.0650199 -0.0230428 -0.0352090 -0.0413542 -0.0375925 -0.0164786 -0.0403268 -0.0387245 -0.0503370 -0.0412319 -0.0224257 -0.0390819 -0.0211705 -0.0336561 -0.0338201 -0.0188546 -0.0330103 -0.0141111 -0.0422445 -0.0261326 -0.0522763 -0.0018377 -0.0478268 -0.0604906 -0.0612625 -0.0177659 -0.0329895 -0.0292238 -0.0399992 -0.0644127 -0.0359281 -0.1235219 -0.1280865 -0.0494882 -0.0452086 -0.0383824 -0.0836826 -0.0549518 -0.1519921 -0.0577714 -0.0879755 -0.0877477 -0.0898897 -0.0436449 -0.1090201 -0.0584713 -0.1441034
0.1029572 0.0996280 0.1431607 0.0958801 0.1554306 0.1486319 0.1609435 0.8810063 0.1161198 0.1067925 0.1117189 0.1161651 0.1037904 0.1051582 0.0937134 0.0959960 -0.0111156 0.0115879 0.0195029 0.0061090 -0.0000340 0.0260140 0.0083855 -0.0000916 0.0171116 0.0151681 0.0194225 0.0089194 0.0067415 -0.0004404 0.0129998 0.0030017 0.0120261 0.0147773 -0.0002309 0.0200332 0.0063813 0.0045505 0.0114343 0.0084741 0.0140185 -0.0010103 -0.0046105 -0.0031064 0.0108751 0.0123931 -0.0018995 -0.0276586 -0.0660870 -0.0219819 -0.0386994 -0.0358902 -0.0396840 -0.0156561 -0.0350433 -0.0397444 -0.0537258 -0.0453553 -0.0220466 -0.0348604 -0.0201114 -0.0345865 -0.0336232 -0.0225216 -0.0368294 -0.0135914 -0.0469276 -0.0279438 -0.0493492 0.0025719 -0.0469553 -0.0574491 -0.0613947 -0.0146055 -0.0347538 -0.0316134 -0.0392603 -0.0670852 -0.0373744 -0.1264741 -0.1297481 -0.0517853 -0.0465086 -0.0362582 -0.0818631 -0.0566821 -0.1521545 -0.0533951 -0.0856222 -0.0909720 -0.0918807 -0.0448006 -0.1095027 -0.0551979 -0.1387317
0.1007471 0.0986613 0.1071813 0.0935669 0.1114738 0.1095819 0.1108248 0.1161198 0.9132769 0.1426431 0.1561609 0.1456210 0.1446620 0.1400419 0.0977275 0.1035797 -0.0027174 0.0213950 0.0245539 0.0160874 0.0077324 0.0310973 0.0178764 0.0150260 0.0185186 0.0108213 0.0170861 0.0085771 0.0057124 0.0009516 0.0101270 0.0015516 0.0063894 0.0125755 -0.0041630 0.0163371 0.0055187 0.0034687 0.0063477 0.0032683 0.0116351 -0.0044410 -0.0082842 -0.0005841 0.0151340 0.0088885 -0.0003762 -0.0298127 -0.0609818 -0.0226812 -0.0325792 -0.0411285 -0.0403328 -0.0172511 -0.0316067 -0.0391624 -0.0550428 -0.0381574 -0.0252046 -0.0341396 -0.0225479 -0.0364858 -0.0355931 -0.0229763 -0.0361938 -0.0132013 -0.0450984 -0.0274055 -0.0501112 0.0006672 -0.0478321 -0.0581841 -0.0554842 -0.0182967 -0.0351877 -0.0349306 -0.0474339 -0.0641687 -0.0337190 -0.1210361 -0.1226892 -0.0508593 -0.0507953 -0.0350560 -0.0854788 -0.0580030 -0.1389540 -0.0540230 -0.0846343 -0.0972510 -0.0952953 -0.0446399 -0.1053004 -0.0545297 -0.1363657
0.0926900 0.0930072 0.1004215 0.0848879 0.1019215 0.0987934 0.1057034 0.1067925 0.1426431 0.8841842 0.1439633 0.1460495 0.1538011 0.1406320 0.0909706 0.0971303 -0.0110991 0.0163601 0.0160361 0.0102884 -0.0001052 0.0266251 0.0102008 0.0079529 0.0146137 0.0125521 0.0155246 0.0076645 0.0039098 -0.0001464 0.0055765 0.0001806 0.0080424 0.0126902 -0.0031386 0.0183825 0.0035099 0.0042728 0.0121423 0.0059662 0.0059784 -0.0046949 -0.0064508 -0.0008938 0.0131864 0.0069861 -0.0036722 -0.0265175 -0.0646825 -0.0207153 -0.0337881 -0.0364907 -0.0393869 -0.0138339 -0.0351023 -0.0357223 -0.0503606 -0.0391475 -0.0237404 -0.0321201 -0.0215623 -0.0340729 -0.0338592 -0.0242606 -0.0339472 -0.0144817 -0.0452645 -0.0255347 -0.0495058 -0.0031796 -0.0475543 -0.0566559 -0.0560997 -0.0202173 -0.0361321 -0.0297571 -0.0412342 -0.0640907 -0.0350327 -0.1167981 -0.1189151 -0.0498646 -0.0459918 -0.0329173 -0.0841678 -0.0541400 -0.1393379 -0.0544881 -0.0812899 -0.0911138 -0.0920518 -0.0422833 -0.1020377 -0.0541282 -0.1336232
0.0980010 0.0985588 0.1021531 0.0921182 0.1069764 0.1041941 0.1094129 0.1117189 0.1561609 0.1439633 0.9147471 0.1608653 0.1470897 0.1453965 0.0991049 0.1012716 -0.0020184 0.0207543 0.0277365 0.0157958 0.0110066 0.0335130 0.0205801 0.0130934 0.0152894 0.0080433 0.0147313 0.0092090 0.0050866 -0.0036745 0.0070895 -0.0021740 0.0065486 0.0113765 -0.0032246 0.0162863 0.0058040 0.0014698 0.0091879 0.0030542 0.0115744 -0.0053408 -0.0090325 -0.0024189 0.0126188 0.0084463 -0.0049626 -0.0324121 -0.0613454 -0.0243301 -0.0322347 -0.0380242 -0.0400886 -0.0161028 -0.0340186 -0.0398610 -0.0560978 -0.0366398 -0.0239502 -0.0329109 -0.0268312 -0.0411175 -0.0417400 -0.0234076 -0.0388457 -0.0169070 -0.0450213 -0.0303508 -0.0536234 -0.0045407 -0.0476660 -0.0580255 -0.0578745 -0.0198988 -0.0353380 -0.0349765 -0.0444073 -0.0640021 -0.0370690 -0.1164567 -0.1183794 -0.0526754 -0.0456880 -0.0357971 -0.0848024 -0.0578921 -0.1342181 -0.0547719 -0.0866456 -0.0928760 -0.0924985 -0.0416768 -0.1030084 -0.0537006 -0.1341481
0.1024097 0.0988598 0.1025804 0.0895019 0.1067228 0.1040848 0.1104051 0.1161651 0.1456210 0.1460495 0.1608653 0.8975919 0.1481972 0.1429094 0.0934043 0.1023642 -0.0077151 0.0205609 0.0221365 0.0111853 0.0033542 0.0309562 0.0184034 0.0109316 0.0131136 0.0073644 0.0135399 0.0052828 0.0036338 -0.0007826 0.0064628 -0.0020349 0.0060565 0.0121788 -0.0022705 0.0180988 0.0051851 0.0014106 0.0077897 0.0000176 0.0109446 -0.0061614 -0.0031939 -0.0039598 0.0163578 0.0054490 -0.0020895 -0.0318904 -0.0677190 -0.0241469 -0.0318839 -0.0379680 -0.0375929 -0.0127247 -0.0358955 -0.0403998 -0.0551396 -0.0342678 -0.0226960 -0.0382469 -0.0248350 -0.0376666 -0.0379879 -0.0265398 -0.0363150 -0.0170150 -0.0427814 -0.0298257 -0.0499206 -0.0012609 -0.0454532 -0.0589172 -0.0587389 -0.0248063 -0.0396335 -0.0326842 -0.0454556 -0.0665953 -0.0323840 -0.1172766 -0.1191099 -0.0518307 -0.0483677 -0.0383546 -0.0873278 -0.0579590 -0.1364050 -0.0539104 -0.0854044 -0.0951798 -0.0940607 -0.0459514 -0.1012684 -0.0530163 -0.1375217
0.0896538 0.0919956 0.1003466 0.0844364 0.1043642 0.0995424 0.1035428 0.1037904 0.1446620 0.1538011 0.1470897 0.1481972 0.8863587 0.1482042 0.0941119 0.0985152 -0.0141976 0.0152005 0.0181274 0.0059875 -0.0025789 0.0275199 0.0110498 0.0057400 0.0165851 0.0089863 0.0203000 0.0083389 0.0073195 0.0008912 0.0106133 0.0018487 0.0101836 0.0133090 -0.0048654 0.0192361 0.0079874 0.0059216 0.0113301 0.0033156 0.0067472 -0.0057102 -0.0079649 0.0024051 0.0120881 0.0060813 0.0002706 -0.0296553 -0.0642428 -0.0212245 -0.0359553 -0.0327387 -0.0346499 -0.0193264 -0.0322834 -0.0390057 -0.0531204 -0.0384124 -0.0186365 -0.0342405 -0.0198137 -0.0357709 -0.0338556 -0.0280520 -0.0329006 -0.0128600 -0.0447617 -0.0275446 -0.0489328 -0.0005240 -0.0459772 -0.0558725 -0.0594137 -0.0186002 -0.0353251 -0.0310069 -0.0426966 -0.0642273 -0.0321760 -0.1221741 -0.1210881 -0.0516671 -0.0485311 -0.0365834 -0.0865648 -0.0575467 -0.1419757 -0.0555100 -0.0849771 -0.0922440 -0.0926938 -0.0437184 -0.1056233 -0.0542504 -0.1365805
0.0898874 0.0894808 0.0971502 0.0836835 0.1027756 0.0973466 0.1028030 0.1051582 0.1400419 0.1406320 0.1453965 0.1429094 0.1482042 0.8869008 0.0928949 0.0895747 -0.0055705 0.0190996 0.0236575 0.0073567 0.0005994 0.0294283 0.0125361 0.0109362 0.0166745 0.0064230 0.0147285 0.0081119 0.0060431 -0.0014730 0.0053620 -0.0005123 0.0041609 0.0122755 -0.0025418 0.0174716 0.0070442 0.0025957 0.0064792 0.0074965 0.0099143 -0.0048600 -0.0048583 -0.0004148 0.0116006 0.0095431 -0.0016672 -0.0266356 -0.0625884 -0.0228230 -0.0336904 -0.0399287 -0.0384810 -0.0195577 -0.0325892 -0.0352807 -0.0551342 -0.0386542 -0.0215241 -0.0326010 -0.0216896 -0.0374251 -0.0366863 -0.0211959 -0.0359702 -0.0133566 -0.0430246 -0.0251030 -0.0469407 -0.0034477 -0.0457178 -0.0579392 -0.0564810 -0.0177720 -0.0349219 -0.0292219 -0.0401461 -0.0619071 -0.0338726 -0.1185732 -0.1158529 -0.0526886 -0.0447205 -0.0341590 -0.0863496 -0.0533791 -0.1379646 -0.0524348 -0.0861926 -0.0907535 -0.0902236 -0.0398625 -0.1035916 -0.0454917 -0.1338210
0.0829744 0.0794268 0.0910425 0.0783881 0.0867628 0.0860216 0.0871285 0.0937134 0.0977275 0.0909706 0.0991049 0.0934043 0.0941119 0.0928949 0.8695976 0.0857520 -0.0160432 0.0047717 0.0091937 -0.0080555 -0.0126377 0.0175285 -0.0016603 -0.0047012 0.0179706 0.0136241 0.0226223 0.0125958 0.0111687 0.0088404 0.0188169 0.0056216 0.0134067 0.0151126 0.0054063 0.0195212 0.0095365 0.0128020 0.0137785 0.0134425 0.0044781 0.0019093 -0.0004533 0.0022502 0.0136122 0.0140455 -0.0022903 -0.0150264 -0.0577687 -0.0153346 -0.0260969 -0.0341970 -0.0294433 -0.0115733 -0.0237403 -0.0312583 -0.0438472 -0.0289516 -0.0090085 -0.0252564 -0.0115295 -0.0231060 -0.0235885 -0.0193106 -0.0274777 -0.0153096 -0.0339802 -0.0143980 -0.0421259 0.0030338 -0.0349124 -0.0488590 -0.0493183 -0.0196563 -0.0296894 -0.0284384 -0.0407563 -0.0557258 -0.0327311 -0.1083969 -0.1135321 -0.0379869 -0.0330858 -0.0272658 -0.0725727 -0.0477944 -0.1382942 -0.0469100 -0.0758113 -0.0777683 -0.0764710 -0.0373055 -0.0968442 -0.0461666 -0.1275425
0.0849797 0.0872050 0.0899322 0.0812734 0.0926768 0.0928750 0.0944198 0.0959960 0.1035797 0.0971303 0.1012716 0.1023642 0.0985152 0.0895747 0.0857520 0.8797435 -0.0208736 0.0022152 0.0067344 -0.0001455 -0.0086486 0.0192378 0.0001638 -0.0012977 0.0190239 0.0185925 0.0204715 0.0118753 0.0126472 0.0084927 0.0179612 0.0117402 0.0196048 0.0143234 0.0067392 0.0227621 0.0105537 0.0114485 0.0132781 0.0075187 0.0098301 0.0021390 0.0050918 -0.0012362 0.0118760 0.0137224 0.0035104 -0.0211055 -0.0580377 -0.0185446 -0.0263110 -0.0360476 -0.0323276 -0.0137427 -0.0301668 -0.0343027 -0.0473465 -0.0295712 -0.0141344 -0.0252471 -0.0120588 -0.0250244 -0.0243101 -0.0179649 -0.0251058 -0.0104578 -0.0354367 -0.0192112 -0.0445214 0.0021806 -0.0358935 -0.0522350 -0.0518572 -0.0131102 -0.0305569 -0.0239914 -0.0367031 -0.0604037 -0.0300153 -0.1095015 -0.1129313 -0.0405607 -0.0407931 -0.0296029 -0.0740207 -0.0520479 -0.1398967 -0.0471998 -0.0738643 -0.0824376 -0.0807192 -0.0357154 -0.0793830 -0.0513618 -0.1322378
-0.0063716 -0.0193079 -0.0124933 -0.0183843 -0.0112914 -0.0098237 -0.0158633 -0.0111156 -0.0027174 -0.0110991 -0.0020184 -0.0077151 -0.0141976 -0.0055705 -0.0160432 -0.0208736 1.1487868 0.1141533 0.1135239 0.1547568 0.1657768 0.1164076 0.1385935 0.1527687 -0.0706309 -0.0665215 -0.0704172 -0.0572999 -0.0758577 -0.0826671 -0.0926520 -0.0847675 -0.0851555 -0.0468033 -0.0466423 -0.0770618 -0.0574327 -0.0646082 -0.0690539 -0.0678178 -0.0190030 -0.0408482 -0.0709669 -0.0386182 -0.0377941 -0.0567485 -0.0388821 -0.0842805 0.0615168 -0.0308898 -0.0059351 0.0176408 -0.0308895 -0.0104776 -0.0181927 0.0043617 0.0141681 -0.0047714 -0.0822304 -0.0208768 -0.0833787 -0.0928228 -0.0920410 -0.0492035 -0.0443202 -0.0448718 -0.0331765 -0.0807564 -0.0387217 -0.0594928 -0.0276088 0.0211419 0.0166407 -0.0098703 -0.0170123 -0.0242890 0.0023678 0.0240393 0.0104094 0.1108017 0.1188135 -0.0169807 0.0050779 -0.0209030 0.0458990 0.0039717 0.2035529 0.0086471 0.0665913 -0.0091284 -0.0086501 -0.0256661 0.1360396 0.0068908 0.1620322
0.0114930 0.0065850 0.0064266 0.0015654 0.0142006 0.0120073 0.0109238 0.0115879 0.0213950 0.0163601 0.0207543 0.0205609 0.0152005 0.0190996 0.0047717 0.0022152 0.1141533 1.0716535 0.1110113 0.1279904 0.1319158 0.1159165 0.1245534 0.1172652 -0.0518099 -0.0566400 -0.0546413 -0.0522238 -0.0558362 -0.0719816 -0.0737928 -0.0691458 -0.0644825 -0.0371407 -0.0490763 -0.0630825 -0.0506400 -0.0597709 -0.0578001 -0.0602942 -0.0169247 -0.0479947 -0.0554453 -0.0297794 -0.0212012 -0.0511119 -0.0419908 -0.0734394 0.0273789 -0.0306827 -0.0092545 -0.0125436 -0.0290216 -0.0076969 -0.0400357 -0.0073254 -0.0031736 -0.0060461 -0.0688299 -0.0236711 -0.0796741 -0.0874269 -0.0869078 -0.0445217 -0.0400141 -0.0444339 -0.0341078 -0.0692346 -0.0502220 -0.0496544 -0.0336930 0.0056496 0.0001841 -0.0149021 -0.0230999 -0.0099008 -0.0096337 0.0181127 0.0028492 0.0637883 0.0680323 -0.0229787 -0.0022891 -0.0253227 0.0189675 0.0057553 0.1399306 -0.0123031 0.0310925 -0.0160827 -0.0149194 -0.0162247 0.0986986 -0.0168630 0.1143727
0.0144131 0.0082910 0.0153585 0.0059601 0.0161227 0.0127846 0.0175191 0.0195029 0.0245539 0.0160361 0.0277365 0.0221365 0.0181274 0.0236575 0.0091937 0.0067344 0.1135239 0.1110113 1.0658493 0.1257368 0.1380043 0.1109592 0.1189638 0.1144298 -0.0511596 -0.0460356 -0.0448452 -0.0504959 -0.0536759 -0.0701736 -0.0656552 -0.0637283 -0.0622516 -0.0347967 -0.0472469 -0.0507038 -0.0523561 -0.0585772 -0.0555454 -0.0528848 -0.0221987 -0.0422674 -0.0576343 -0.0296772 -0.0113593 -0.0449906 -0.0409226 -0.0682704 0.0329925 -0.0244764 -0.0096623 -0.0096767 -0.0213303 -0.0127085 -0.0327929 0.0015200 -0.0148294 -0.0143250 -0.0676459 -0.0186535 -0.0788385 -0.0797638 -0.0806045 -0.0407984 -0.0439981 -0.0454360 -0.0351065 -0.0640460 -0.0572061 -0.0479406 -0.0389768 -0.0076923 -0.0079234 -0.0136666 -0.0246031 -0.0189564 -0.0086788 0.0052223 -0.0045286 0.0609147 0.0733448 -0.0294183 -0.0022111 -0.0341267 0.0116528 -0.0029807 0.1243836 -0.0100621 0.0101471 -0.0183266 -0.0197287 -0.0192934 0.0884537 -0.0174313 0.0926628
0.0031932 -0.0010459 -0.0014234 -0.0082115 0.0044592 0.0031453 0.0064267 0.0061090 0.0160874 0.0102884 0.0157958 0.0111853 0.0059875 0.0073567 -0.0080555 -0.0001455 0.1547568 0.1279904 0.1257368 1.1385949 0.1508443 0.1412894 0.1647558 0.1373316 -0.0630763 -0.0603305 -0.0649443 -0.0615687 -0.0723308 -0.0838761 -0.0880816 -0.0785290 -0.0759640 -0.0452379 -0.0544047 -0.0708740 -0.0507840 -0.0695911 -0.0646702 -0.0679404 -0.0337478 -0.0540903 -0.0720873 -0.0367371 -0.0295614 -0.0658457 -0.0558251 -0.0746495 0.0467542 -0.0225802 -0.0020895 0.0095145 -0.0136626 -0.0143621 -0.0363997 -0.0152816 -0.0051630 -0.0025069 -0.0788356 -0.0145871 -0.0871722 -0.0935665 -0.0925079 -0.0547695 -0.0436912 -0.0516515 -0.0348649 -0.0714599 -0.0583276 -0.0534113 -0.0398588 0.0021218 0.0029673 0.0002497 -0.0161844 -0.0297049 -0.0072861 0.0167282 -0.0040739 0.0889879 0.0748907 -0.0306045 -0.0228088 -0.0171965 0.0124790 -0.0020312 0.1802049 0.0021860 0.0507839 -0.0037390 -0.0033032 -0.0145520 0.1243884 -0.0316866 0.1397768
0.0009231 -0.0096720 -0.0050328 -0.0128992 -0.0002662 0.0020058 -0.0035803 -0.0000340 0.0077324 -0.0001052 0.0110066 0.0033542 -0.0025789 0.0005994 -0.0126377 -0.0086486 0.1657768 0.1319158 0.1380043 0.1508443 1.1911272 0.1458474 0.1607760 0.1579109 -0.0721781 -0.0642637 -0.0636126 -0.0685552 -0.0777078 -0.0988238 -0.0905457 -0.0874548 -0.0877361 -0.0504319 -0.0592226 -0.0801401 -0.0739010 -0.0739972 -0.0746107 -0.0709764 -0.0236164 -0.0544696 -0.0784700 -0.0408466 -0.0313518 -0.0659171 -0.0508992 -0.0968828 0.0629358 -0.0254208 -0.0098121 0.0211133 -0.0155250 -0.0230388 -0.0437354 -0.0008865 0.0017899 -0.0155725 -0.0927954 -0.0286612 -0.0976425 -0.0970476 -0.0967910 -0.0478916 -0.0496386 -0.0574716 -0.0358642 -0.0954828 -0.0517237 -0.0609099 -0.0288376 0.0169055 0.0095453 -0.0105056 -0.0187181 -0.0356322 0.0016303 0.0414005 -0.0012324 0.1069223 0.1146633 -0.0281742 -0.0065710 -0.0155012 0.0303367 -0.0036804 0.2131628 0.0069672 0.0668544 -0.0055973 -0.0066984 -0.0103053 0.1492092 0.0053190 0.1624000
0.0254909 0.0158238 0.0200084 0.0088287 0.0278168 0.0261441 0.0244048 0.0260140 0.0310973 0.0266251 0.0335130 0.0309562 0.0275199 0.0294283 0.0175285 0.0192378 0.1164076 0.1159165 0.1109592 0.1412894 0.1458474 1.0908134 0.1388861 0.1379184 -0.0592559 -0.0466730 -0.0540536 -0.0477911 -0.0654684 -0.0786123 -0.0752380 -0.0699899 -0.0681865 -0.0380210 -0.0461552 -0.0585747 -0.0560403 -0.0574550 -0.0628638 -0.0570762 -0.0269921 -0.0531493 -0.0624339 -0.0323496 -0.0251795 -0.0569182 -0.0477038 -0.0773610 0.0343540 -0.0327435 -0.0072765 0.0032829 -0.0132370 -0.0192328 -0.0460687 -0.0139005 -0.0183439 -0.0070083 -0.0661486 -0.0188036 -0.0886876 -0.0844209 -0.0842384 -0.0520077 -0.0591084 -0.0506253 -0.0441043 -0.0747106 -0.0580257 -0.0488109 -0.0459267 -0.0068682 -0.0096422 -0.0145117 -0.0263755 -0.0278936 -0.0098833 0.0214907 0.0149146 0.0617792 0.0562298 -0.0376013 -0.0215463 -0.0195053 0.0032389 -0.0058779 0.1296035 -0.0105444 0.0219740 -0.0190940 -0.0185875 -0.0222407 0.0932086 -0.0247381 0.0999700
0.0062028 0.0004574 0.0040057 -0.0035247 0.0077403 0.0094434 0.0053297 0.0083855 0.0178764 0.0102008 0.0205801 0.0184034 0.0110498 0.0125361 -0.0016603 0.0001638 0.1385935 0.1245534 0.1189638 0.1647558 0.1607760 0.1388861 1.1293558 0.1449365 -0.0656270 -0.0638089 -0.0649495 -0.0626362 -0.0711470 -0.0844783 -0.0791849 -0.0753414 -0.0752154 -0.0438794 -0.0549889 -0.0759517 -0.0661588 -0.0679453 -0.0724856 -0.0671771 -0.0215328 -0.0495830 -0.0686623 -0.0336365 -0.0319799 -0.0579437 -0.0509689 -0.0826678 0.0386311 -0.0235166 -0.0007360 0.0090391 -0.0197698 -0.0142439 -0.0395734 -0.0036566 -0.0127353 0.0103189 -0.0723148 -0.0198266 -0.0926702 -0.0909620 -0.0913817 -0.0578014 -0.0533192 -0.0467182 -0.0398649 -0.0799582 -0.0535217 -0.0544241 -0.0417697 0.0064368 -0.0055214 -0.0032286 -0.0266595 -0.0308598 -0.0020556 0.0177092 0.0066884 0.0951802 0.0869639 -0.0273656 -0.0120290 -0.0150239 0.0260193 0.0006374 0.1723571 0.0099819 0.0534841 -0.0132105 -0.0125627 -0.0196100 0.1212227 -0.0163064 0.1440365
0.0108920 -0.0047909 0.0004693 -0.0024092 0.0063136 0.0063007 0.0026245 -0.0000916 0.0150260 0.0079529 0.0130934 0.0109316 0.0057400 0.0109362 -0.0047012 -0.0012977 0.1527687 0.1172652 0.1144298 0.1373316 0.1579109 0.1379184 0.1449365 1.1175269 -0.0601279 -0.0487888 -0.0615430 -0.0521316 -0.0645689 -0.0792085 -0.0810443 -0.0670269 -0.0790366 -0.0424925 -0.0570775 -0.0662952 -0.0571542 -0.0617927 -0.0634687 -0.0653478 -0.0192391 -0.0493894 -0.0665319 -0.0328768 -0.0227618 -0.0544753 -0.0411360 -0.0864851 0.0347741 -0.0278210 -0.0014106 0.0156646 -0.0266064 -0.0126473 -0.0257231 -0.0071523 -0.0032156 -0.0069260 -0.0762023 -0.0318770 -0.0819066 -0.0864438 -0.0868331 -0.0561825 -0.0494299 -0.0531850 -0.0373424 -0.0828124 -0.0460176 -0.0465626 -0.0313085 0.0111551 0.0066082 -0.0153172 -0.0252392 -0.0212660 -0.0020988 0.0247621 -0.0056088 0.0836073 0.0754965 -0.0302027 -0.0120519 -0.0260580 0.0305995 -0.0066515 0.1676418 -0.0070996 0.0326170 -0.0031028 -0.0045569 -0.0227966 0.1118468 -0.0099841 0.1275764
0.0168321 0.0192549 0.0163807 0.0200473 0.0200196 0.0182050 0.0169885 0.0171116 0.0185186 0.0146137 0.0152894 0.0131136 0.0165851 0.0166745 0.0179706 0.0190239 -0.0706309 -0.0518099 -0.0511596 -0.0630763 -0.0721781 -0.0592559 -0.0656270 -0.0601279 0.8430412 0.0294784 0.0366294 0.0498007 0.0647356 0.0776902 0.0759733 0.0531032 0.0343274 0.0244745 0.0215067 0.0355575 0.0235203 0.0271583 0.0211564 0.0298934 0.0051390 0.0146414 0.0247333 0.0091485 0.0143973 0.0274784 0.0121141 0.0188791 -0.0465606 -0.0071021 -0.0178346 -0.0218191 -0.0157509 -0.0049794 -0.0080409 -0.0147835 -0.0191360 -0.0186990 0.0190996 -0.0067316 0.0199007 0.0149080 0.0168992 0.0111727 0.0041556 0.0138059 -0.0041180 0.0162843 0.0055631 0.0242478 -0.0061141 -0.0287999 -0.0306570 -0.0092085 -0.0107760 -0.0032093 -0.0227357 -0.0368930 -0.0244971 -0.0807214 -0.0948719 -0.0085497 -0.0103652 -0.0037465 -0.0483250 -0.0264437 -0.1354346 -0.0198183 -0.0563105 -0.0360801 -0.0371557 -0.0095328 -0.0996565 -0.0164312 -0.1167478
0.0121964 0.0111883 0.0105744 0.0120534 0.0110802 0.0117228 0.0121768 0.0151681 0.0108213 0.0125521 0.0080433 0.0073644 0.0089863 0.0064230 0.0136241 0.0185925 -0.0665215 -0.0566400 -0.0460356 -0.0603305 -0.0642637 -0.0466730 -0.0638089 -0.0487888 0.0294784 0.8535324 0.0695866 0.0199532 0.0395701 0.0307497 0.0409822 0.0314131 0.0314780 0.0217900 0.0134044 0.0338832 0.0207479 0.0235022 0.0236133 0.0291559 0.0037571 0.0165269 0.0191411 0.0025881 0.0067447 0.0249338 0.0138080 0.0135309 -0.0392928 0.0022384 -0.0084474 -0.0188106 -0.0005699 0.0016911 0.0069956 -0.0176325 -0.0150189 -0.0109682 0.0215369 -0.0013208 0.0339976 0.0254416 0.0259838 0.0075107 0.0064147 0.0101482 -0.0073230 0.0134912 -0.0046630 0.0142242 -0.0078116 -0.0274482 -0.0161677 -0.0052747 -0.0021252 -0.0084466 -0.0161019 -0.0370305 -0.0147150 -0.0658104 -0.0753606 -0.0012260 -0.0154512 -0.0006039 -0.0353886 -0.0138214 -0.1287317 -0.0157412 -0.0469554 -0.0296929 -0.0278624 -0.0042825 -0.0809119 -0.0194003 -0.1010177
0.0149150 0.0177749 0.0208030 0.0206778 0.0193028 0.0188826 0.0193933 0.0194225 0.0170861 0.0155246 0.0147313 0.0135399 0.0203000 0.0147285 0.0226223 0.0204715 -0.0704172 -0.0546413 -0.0448452 -0.0649443 -0.0636126 -0.0540536 -0.0649495 -0.0615430 0.0366294 0.0695866 0.8504434 0.0300804 0.0357325 0.0413897 0.0412587 0.0402350 0.0333582 0.0232287 0.0180953 0.0286078 0.0259390 0.0230709 0.0253723 0.0323125 0.0045868 0.0178648 0.0229772 0.0102350 0.0103278 0.0203998 0.0145513 0.0190094 -0.0467769 -0.0020021 -0.0204651 -0.0168649 -0.0122326 -0.0074334 -0.0033487 -0.0216133 -0.0192482 -0.0083434 0.0173073 0.0036420 0.0273753 0.0217133 0.0208771 0.0177318 0.0098950 0.0050297 -0.0030933 0.0162134 0.0009970 0.0209307 -0.0012629 -0.0306410 -0.0295946 -0.0056993 -0.0033366 -0.0026440 -0.0207630 -0.0374052 -0.0193434 -0.0847991 -0.0917162 -0.0058782 -0.0114829 -0.0049309 -0.0387910 -0.0212339 -0.1323132 -0.0236262 -0.0502257 -0.0367948 -0.0354538 -0.0078871 -0.0918085 -0.0144599 -0.1081665
0.0015279 0.0088926 0.0098285 0.0129269 0.0058124 0.0093835 0.0081288 0.0089194 0.0085771 0.0076645 0.0092090 0.0052828 0.0083389 0.0081119 0.0125958 0.0118753 -0.0572999 -0.0522238 -0.0504959 -0.0615687 -0.0685552 -0.0477911 -0.0626362 -0.0521316 0.0498007 0.0199532 0.0300804 0.8630402 0.0658018 0.0489057 0.0436639 0.0566276 0.0170484 0.0208148 0.0105246 0.0275645 0.0242818 0.0214890 0.0220101 0.0129587 0.0162923 0.0165742 0.0219002 0.0066443 0.0060643 0.0309432 0.0291861 0.0211347 -0.0434411 -0.0068073 -0.0023809 -0.0125630 -0.0024846 0.0107961 0.0034196 -0.0238206 -0.0115915 -0.0144353 0.0210044 -0.0051275 0.0259039 0.0240061 0.0228259 0.0106072 0.0060758 0.0065541 -0.0124962 0.0201989 0.0000423 0.0197386 -0.0047367 -0.0182868 -0.0096873 -0.0089123 -0.0079744 -0.0026626 -0.0181521 -0.0354981 -0.0194634 -0.0724709 -0.0726692 -0.0062385 -0.0108228 -0.0062395 -0.0401110 -0.0187848 -0.1146936 -0.0188796 -0.0573935 -0.0329402 -0.0319162 -0.0157507 -0.0871466 -0.0168200 -0.0977322
0.0069067 0.0107704 0.0071688 0.0150115 0.0063533 0.0096389 0.0070464 0.0067415 0.0057124 0.0039098 0.0050866 0.0036338 0.0073195 0.0060431 0.0111687 0.0126472 -0.0758577 -0.0558362 -0.0536759 -0.0723308 -0.0777078 -0.0654684 -0.0711470 -0.0645689 0.0647356 0.0395701 0.0357325 0.0658018 0.8599283 0.0625557 0.0546990 0.0716522 0.0270150 0.0238682 0.0148541 0.0295566 0.0228350 0.0292699 0.0260541 0.0219440 0.0095287 0.0070490 0.0237611 0.0061235 0.0065710 0.0233091 0.0127478 0.0199263 -0.0303512 -0.0040189 -0.0082546 -0.0276607 -0.0000935 0.0062310 0.0003143 -0.0184152 -0.0125931 -0.0061098 0.0242070 -0.0020934 0.0344185 0.0297763 0.0310339 0.0189594 0.0069304 0.0121553 -0.0065688 0.0186872 -0.0012189 0.0237818 -0.0027632 -0.0210441 -0.0201406 -0.0057082 -0.0070320 -0.0037985 -0.0158010 -0.0372731 -0.0146472 -0.0723777 -0.0772718 -0.0014981 -0.0150808 -0.0010327 -0.0403998 -0.0268853 -0.1285888 -0.0236191 -0.0479131 -0.0284423 -0.0290800 -0.0121144 -0.0920574 -0.0178582 -0.1039875
-0.0018107 0.0072418 0.0053273 0.0080827 0.0019144 0.0034984 0.0044503 -0.0004404 0.0009516 -0.0001464 -0.0036745 -0.0007826 0.0008912 -0.0014730 0.0088404 0.0084927 -0.0826671 -0.0719816 -0.0701736 -0.0838761 -0.0988238 -0.0786123 -0.0844783 -0.0792085 0.0776902 0.0307497 0.0413897 0.0489057 0.0625557 0.8616129 0.0780413 0.0592824 0.0269416 0.0269885 0.0223368 0.0350556 0.0297669 0.0417934 0.0256243 0.0360519 0.0046895 0.0202247 0.0346524 0.0129959 0.0130447 0.0275512 0.0219957 0.0384676 -0.0430290 -0.0035699 -0.0133894 -0.0150119 -0.0020115 0.0007779 0.0107533 -0.0176804 -0.0178947 -0.0105129 0.0239950 -0.0022880 0.0423688 0.0384396 0.0380925 0.0255035 0.0096905 0.0174838 0.0021954 0.0374066 0.0163322 0.0320101 0.0057043 -0.0265724 -0.0156657 -0.0113552 -0.0092379 0.0108956 -0.0210731 -0.0347345 -0.0194490 -0.0815735 -0.0844837 0.0046688 -0.0056828 -0.0046770 -0.0357234 -0.0160216 -0.1407596 -0.0171686 -0.0544276 -0.0274504 -0.0264067 -0.0083174 -0.0984839 -0.0122254 -0.1155322
0.0092641 0.0126426 0.0150633 0.0178776 0.0146804 0.0103023 0.0121616 0.0129998 0.0101270 0.0055765 0.0070895 0.0064628 0.0106133 0.0053620 0.0188169 0.0179612 -0.0926520 -0.0737928 -0.0656552 -0.0880816 -0.0905457 -0.0752380 -0.0791849 -0.0810443 0.0759733 0.0409822 0.0412587 0.0436639 0.0546990 0.0780413 0.8471873 0.0553044 0.0359724 0.0297947 0.0230318 0.0439864 0.0344486 0.0378954 0.0368565 0.0365147 0.0085782 0.0184349 0.0376216 0.0133864 0.0168075 0.0367903 0.0203310 0.0346853 -0.0567622 0.0030690 -0.0130985 -0.0132196 -0.0032945 0.0005468 0.0064059 -0.0151584 -0.0232892 -0.0151741 0.0390954 -0.0012531 0.0355831 0.0321709 0.0331198 0.0140534 0.0126525 0.0147358 -0.0028994 0.0331780 0.0107942 0.0356532 0.0000110 -0.0326231 -0.0224574 -0.0040924 -0.0018785 -0.0028126 -0.0211900 -0.0412253 -0.0228848 -0.0893837 -0.0999922 -0.0040038 -0.0146332 0.0012630 -0.0490758 -0.0246574 -0.1502810 -0.0209622 -0.0593079 -0.0301894 -0.0308045 -0.0092655 -0.1147077 -0.0074590 -0.1285164
0.0028761 0.0077886 0.0003174 0.0080991 0.0027644 0.0008612 0.0032709 0.0030017 0.0015516 0.0001806 -0.0021740 -0.0020349 0.0018487 -0.0005123 0.0056216 0.0117402 -0.0847675 -0.0691458 -0.0637283 -0.0785290 -0.0874548 -0.0699899 -0.0753414 -0.0670269 0.0531032 0.0314131 0.0402350 0.0566276 0.0716522 0.0592824 0.0553044 0.8650414 0.0350785 0.0242334 0.0127231 0.0362987 0.0265708 0.0305944 0.0298807 0.0236441 0.0033667 0.0152227 0.0240129 0.0104681 0.0074800 0.0296683 0.0174073 0.0242790 -0.0419593 0.0001529 -0.0134657 -0.0122072 -0.0074242 0.0062627 0.0057489 -0.0127384 -0.0137953 -0.0036702 0.0216848 0.0043177 0.0361344 0.0396470 0.0396749 0.0128184 0.0084912 0.0120089 0.0076622 0.0235715 0.0108263 0.0237422 0.0102682 -0.0197289 -0.0172828 -0.0095057 -0.0085121 0.0097276 -0.0123427 -0.0325180 -0.0219746 -0.0676958 -0.0761385 -0.0002300 -0.0145218 -0.0041758 -0.0347736 -0.0215766 -0.1223098 -0.0226124 -0.0426310 -0.0334452 -0.0339804 -0.0092338 -0.0855412 -0.0044726 -0.1016501
0.0072824 0.0090137 0.0143272 0.0126934 0.0101331 0.0118886 0.0123583 0.0120261 0.0063894 0.0080424 0.0065486 0.0060565 0.0101836 0.0041609 0.0134067 0.0196048 -0.0851555 -0.0644825 -0.0622516 -0.0759640 -0.0877361 -0.0681865 -0.0752154 -0.0790366 0.0343274 0.0314780 0.0333582 0.0170484 0.0270150 0.0269416 0.0359724 0.0350785 0.8392408 0.0256350 0.0277867 0.0468665 0.0289001 0.0412440 0.0401698 0.0417628 0.0091945 0.0229491 0.0337108 0.0130421 0.0159266 0.0236759 0.0133447 0.0329857 -0.0437363 0.0095148 -0.0096695 -0.0214116 -0.0031342 -0.0001647 0.0028088 -0.0150639 -0.0146113 -0.0115095 0.0351547 -0.0056672 0.0333189 0.0320640 0.0326522 0.0187847 0.0133442 0.0150332 0.0037166 0.0295022 0.0061200 0.0263850 0.0005742 -0.0247695 -0.0236143 -0.0016822 -0.0029556 -0.0011424 -0.0176818 -0.0349100 -0.0204948 -0.0787405 -0.0803610 -0.0047807 -0.0111195 -0.0022928 -0.0394765 -0.0140786 -0.1409199 -0.0138054 -0.0491709 -0.0246285 -0.0261769 -0.0090507 -0.1023069 -0.0176361 -0.1038035
0.0121724 0.0144900 0.0149199 0.0152857 0.0142124 0.0134343 0.0148639 0.0147773 0.0125755 0.0126902 0.0113765 0.0121788 0.0133090 0.0122755 0.0151126 0.0143234 -0.0468033 -0.0371407 -0.0347967 -0.0452379 -0.0504319 -0.0380210 -0.0438794 -0.0424925 0.0244745 0.0217900 0.0232287 0.0208148 0.0238682 0.0269885 0.0297947 0.0242334 0.0256350 0.9499459 0.0165026 0.0257053 0.0208463 0.0226197 0.0227939 0.0224223 0.0090139 0.0144720 0.0217761 0.0092466 0.0102290 0.0194831 0.0143256 0.0235250 -0.0274393 0.0034649 -0.0036154 -0.0098492 0.0003527 0.0018721 0.0049910 -0.0084044 -0.0091647 -0.0051187 0.0236021 0.0013823 0.0264902 0.0249936 0.0251562 0.0117865 0.0098380 0.0123535 0.0021517 0.0232869 0.0063452 0.0180804 0.0017009 -0.0146758 -0.0124527 0.0001432 0.0007113 0.0011797 -0.0081515 -0.0213379 -0.0082011 -0.0541018 -0.0572216 -0.0004584 -0.0063209 0.0022846 -0.0241190 -0.0112797 -0.0897860 -0.0093243 -0.0323376 -0.0150644 -0.0149256 -0.0031861 -0.0615189 -0.0074841 -0.0728393
-0.0012555 0.0028216 0.0013046 0.0052301 -0.0025910 -0.0035160 0.0009975 -0.0002309 -0.0041630 -0.0031386 -0.0032246 -0.0022705 -0.0048654 -0.0025418 0.0054063 0.0067392 -0.0466423 -0.0490763 -0.0472469 -0.0544047 -0.0592226 -0.0461552 -0.0549889 -0.0570775 0.0215067 0.0134044 0.0180953 0.0105246 0.0148541 0.0223368 0.0230318 0.0127231 0.0277867 0.0165026 0.8779503 0.0265872 0.0226555 0.0227607 0.0149105 0.0226797 -0.0009353 0.0043890 0.0224968 -0.0048672 0.0040172 0.0086677 0.0072390 0.0178225 -0.0249316 -0.0013369 -0.0027755 -0.0155330 0.0000382 0.0003102 0.0011552 -0.0108231 -0.0003194 0.0026972 0.0185328 0.0034547 0.0192598 0.0157455 0.0154847 0.0102710 0.0048491 0.0092244 -0.0019741 0.0179998 0.0040111 0.0194957 0.0020028 -0.0120913 -0.0181616 -0.0034976 -0.0042331 0.0005471 -0.0041370 -0.0165270 -0.0031132 -0.0521199 -0.0531052 0.0019400 0.0020853 0.0054380 -0.0169722 -0.0110199 -0.0875625 -0.0124701 -0.0229681 -0.0188221 -0.0190445 -0.0025506 -0.0642456 -0.0023753 -0.0667198
0.0139846 0.0175155 0.0209822 0.0182985 0.0186448 0.0149630 0.0192829 0.0200332 0.0163371 0.0183825 0.0162863 0.0180988 0.0192361 0.0174716 0.0195212 0.0227621 -0.0770618 -0.0630825 -0.0507038 -0.0708740 -0.0801401 -0.0585747 -0.0759517 -0.0662952 0.0355575 0.0338832 0.0286078 0.0275645 0.0295566 0.0350556 0.0439864 0.0362987 0.0468665 0.0257053 0.0265872 0.8513159 0.0365140 0.0349462 0.0380165 0.0355445 0.0096201 0.0168819 0.0330331 0.0092003 0.0121043 0.0254527 0.0192588 0.0227267 -0.0417879 0.0039131 -0.0101995 -0.0213684 -0.0000060 0.0000616 -0.0016493 -0.0068092 -0.0212643 -0.0143985 0.0328232 -0.0058015 0.0337826 0.0341877 0.0333592 0.0128057 0.0161649 0.0199361 -0.0022779 0.0239968 0.0053370 0.0315902 -0.0058777 -0.0246060 -0.0216493 -0.0073808 -0.0027884 -0.0024106 -0.0182965 -0.0353002 -0.0185731 -0.0912967 -0.0931338 -0.0031144 -0.0114359 -0.0040491 -0.0429710 -0.0272429 -0.1427761 -0.0202889 -0.0587434 -0.0352428 -0.0349771 -0.0119973 -0.1049207 -0.0214411 -0.1221039
0.0071997 0.0074760 0.0097935 0.0110295 0.0066402 0.0022773 0.0036744 0.0063813 0.0055187 0.0035099 0.0058040 0.0051851 0.0079874 0.0070442 0.0095365 0.0105537 -0.0574327 -0.0506400 -0.0523561 -0.0507840 -0.0739010 -0.0560403 -0.0661588 -0.0571542 0.0235203 0.0207479 0.0259390 0.0242818 0.0228350 0.0297669 0.0344486 0.0265708 0.0289001 0.0208463 0.0226555 0.0365140 0.8589789 0.0276716 0.0338219 0.0278357 -0.0002778 0.0072136 0.0238325 0.0025231 0.0124626 0.0166557 0.0069248 0.0198370 -0.0352567 -0.0005814 -0.0081318 -0.0096525 -0.0054665 0.0024055 0.0078847 -0.0204947 -0.0167274 -0.0097355 0.0282253 0.0013450 0.0237735 0.0218808 0.0231972 0.0082405 0.0162987 0.0104244 0.0012503 0.0197946 0.0072488 0.0269423 -0.0013998 -0.0164896 -0.0158085 -0.0021431 0.0014396 0.0009637 -0.0110554 -0.0322708 -0.0171714 -0.0818041 -0.0840322 -0.0043360 -0.0150392 0.0029540 -0.0274455 -0.0207052 -0.1156521 -0.0085237 -0.0361522 -0.0247519 -0.0239474 -0.0070329 -0.0860061 -0.0095150 -0.0951154
0.0044915 0.0098135 0.0045090 0.0129319 0.0061789 0.0027581 0.0051927 0.0045505 0.0034687 0.0042728 0.0014698 0.0014106 0.0059216 0.0025957 0.0128020 0.0114485 -0.0646082 -0.0597709 -0.0585772 -0.0695911 -0.0739972 -0.0574550 -0.0679453 -0.0617927 0.0271583 0.0235022 0.0230709 0.0214890 0.0292699 0.0417934 0.0378954 0.0305944 0.0412440 0.0226197 0.0227607 0.0349462 0.0276716 0.8679639 0.0328337 0.0368432 0.0038874 0.0193680 0.0338219 0.0089215 0.0081058 0.0232771 0.0174977 0.0246177 -0.0376493 0.0059152 -0.0049574 -0.0098457 -0.0015612 -0.0018075 0.0096871 -0.0117095 -0.0155737 -0.0060814 0.0282324 -0.0068905 0.0305484 0.0283092 0.0282569 0.0135414 0.0085549 0.0171733 0.0040155 0.0236564 0.0130218 0.0303403 0.0003822 -0.0263286 -0.0146918 -0.0004890 -0.0013525 -0.0042100 -0.0158186 -0.0208403 -0.0120444 -0.0745269 -0.0878303 0.0001981 -0.0126834 0.0063063 -0.0283951 -0.0230983 -0.1199631 -0.0127613 -0.0402423 -0.0149315 -0.0153808 -0.0108827 -0.0901981 -0.0123314 -0.0999022
0.0103268 0.0116488 0.0131729 0.0152206 0.0142706 0.0052532 0.0114307 0.0114343 0.0063477 0.0121423 0.0091879 0.0077897 0.0113301 0.0064792 0.0137785 0.0132781 -0.0690539 -0.0578001 -0.0555454 -0.0646702 -0.0746107 -0.0628638 -0.0724856 -0.0634687 0.0211564 0.0236133 0.0253723 0.0220101 0.0260541 0.0256243 0.0368565 0.0298807 0.0401698 0.0227939 0.0149105 0.0380165 0.0338219 0.0328337 0.8475782 0.0317163 0.0031582 0.0109459 0.0229694 0.0130838 0.0067898 0.0301933 0.0140186 0.0286580 -0.0470792 0.0056899 -0.0061764 -0.0075265 -0.0052261 -0.0007123 0.0116768 -0.0102692 -0.0115702 -0.0165645 0.0264999 -0.0109130 0.0309168 0.0254799 0.0248840 0.0169279 0.0134543 0.0133309 -0.0040347 0.0258406 0.0018266 0.0149789 -0.0063443 -0.0263089 -0.0242203 -0.0030186 -0.0014533 -0.0052759 -0.0073907 -0.0357133 -0.0122792 -0.0678982 -0.0764204 -0.0082717 -0.0183455 0.0047765 -0.0409842 -0.0165112 -0.1302504 -0.0191472 -0.0522012 -0.0210544 -0.0217090 -0.0055731 -0.0926477 -0.0214905 -0.0962659
