0.0001025 0.0290669 0.1931802 0.7568331 0.0208172
0.0001024 0.0403742 0.2166505 0.7314982 0.0113746
0.0001022 0.0042656 0.1791279 0.7918687 0.0246356
0.0001024 0.0346285 0.2426466 0.6883469 0.0342756
0.0001022 0.0017257 0.1627108 0.8140453 0.0214160
0.0001022 0.0041416 0.1987601 0.7968939 0.0001022
0.0001020 0.0001020 0.1651689 0.8194333 0.0151939
0.0001019 0.0001019 0.1808918 0.8188023 0.0001019
0.0001019 0.0001019 0.1825755 0.8171186 0.0001019
0.0001021 0.0001021 0.1874425 0.8122512 0.0001021
0.0001017 0.0001017 0.1795509 0.8185306 0.0017150
0.0001017 0.0001017 0.1782616 0.8214332 0.0001017
0.0001019 0.0001019 0.1932392 0.8064549 0.0001019
0.0001020 0.0001020 0.1933389 0.8063550 0.0001020
0.0001024 0.0345460 0.2654763 0.6835790 0.0162962
0.0001024 0.0412432 0.2650091 0.6935429 0.0001024
0.5625791 0.0038368 0.0001019 0.4333802 0.0001019
0.4437524 0.0001019 0.0001019 0.5486796 0.0073642
0.4144131 0.0001017 0.0001017 0.5696044 0.0157793
0.4306011 0.0206808 0.0000980 0.4894354 0.0591848
0.5342816 0.0000993 0.0000993 0.4654207 0.0000993
0.3764185 0.0325044 0.0000981 0.5549598 0.0360192
0.4778611 0.0111871 0.0000997 0.5107523 0.0000997
0.4755909 0.0243734 0.0001001 0.4998355 0.0001001
0.0001017 0.0747017 0.7344673 0.1887370 0.0019923
0.0001023 0.2256047 0.5575260 0.1940330 0.0227340
0.0001020 0.1496603 0.6283926 0.2042995 0.0175455
0.0156659 0.1748478 0.6576239 0.1517606 0.0001018
0.0001019 0.1739719 0.6873916 0.1384327 0.0001019
0.0001015 0.1133987 0.7876053 0.0778804 0.0210140
0.0001015 0.1269335 0.7271987 0.1178877 0.0278785
0.0067506 0.1817138 0.7344956 0.0769385 0.0001015
0.0001021 0.1964092 0.5584861 0.1491251 0.0958774
0.0236313 0.1212532 0.4948301 0.2274702 0.1328152
0.0356303 0.1503016 0.5786436 0.1470998 0.0883247
0.0001020 0.1927060 0.5766302 0.1910282 0.0395337
0.0001022 0.1696029 0.5898764 0.1655869 0.0748315
0.0001023 0.1617300 0.5520363 0.1556462 0.1304853
0.0001023 0.1887308 0.5080867 0.1782522 0.1248281
0.0001022 0.1667881 0.5704306 0.1549784 0.1077006
0.1127751 0.1820070 0.4792790 0.2258369 0.0001020
0.0787505 0.2525482 0.5497930 0.1188064 0.0001019
0.0001023 0.1366333 0.5943873 0.1046752 0.1642020
0.0790953 0.0678136 0.5375910 0.1936207 0.1218793
0.0634347 0.1167813 0.4562568 0.2784252 0.0851020
0.0333739 0.2022039 0.6177760 0.1465444 0.0001018
0.0784155 0.1930561 0.5890770 0.1393494 0.0001021
0.0001027 0.2172578 0.3190051 0.0035514 0.4600830
0.4164048 0.0213659 0.3441446 0.0595496 0.1585351
0.1087327 0.1546483 0.3752301 0.1272526 0.2341361
0.2020233 0.2462812 0.2903807 0.1056582 0.1556566
0.3024567 0.1242265 0.4891507 0.0840638 0.0001023
0.1426561 0.2676878 0.2610000 0.0840525 0.2446036
0.1848209 0.0973131 0.5682061 0.1495576 0.0001022
0.1493195 0.1358829 0.5944775 0.0252473 0.0950726
0.2481670 0.0225813 0.4919758 0.0857233 0.1515526
0.2813200 0.2425270 0.3724414 0.0157206 0.0879910
0.2342255 0.1968268 0.4145522 0.0685788 0.0858166
0.0001031 0.6986938 0.1798501 0.0270948 0.0942583
0.1799171 0.3254344 0.3804838 0.0644477 0.0497171
0.0074640 0.9076524 0.0725593 0.0001024 0.0122218
0.0166132 0.9830908 0.0000987 0.0000987 0.0000987
0.0185572 0.9811470 0.0000986 0.0000986 0.0000986
0.0306924 0.1314333 0.4963056 0.0757321 0.2658365
0.0560603 0.0911551 0.5476418 0.0277119 0.2774309
0.0823648 0.0001011 0.8009304 0.0520735 0.0645301
0.1598139 0.0001003 0.7444118 0.0001003 0.0955736
0.0001027 0.2024364 0.3272917 0.0155321 0.4546371
0.1209537 0.0000978 0.8140580 0.0000978 0.0647928
0.0132441 0.1342712 0.6258307 0.1458343 0.0808198
0.1892368 0.0001004 0.7604699 0.0001004 0.0500925
0.3612381 0.0677662 0.5707931 0.0001013 0.0001013
0.3145424 0.0983492 0.4884161 0.0001025 0.0985899
0.1703639 0.1682127 0.4030897 0.1579211 0.1004127
0.1779010 0.2518232 0.3880349 0.0649201 0.1173208
0.2093037 0.2476728 0.4750252 0.0638250 0.0041734
0.2878810 0.2519437 0.3878976 0.0627868 0.0094908
0.3415914 0.1075797 0.2729859 0.0314023 0.2464407
0.2561950 0.1762655 0.3491737 0.1183656 0.1000002
0.6850690 0.0001002 0.2745114 0.0001002 0.0402192
0.7079239 0.0000995 0.2865990 0.0000995 0.0052780
0.2405382 0.1738929 0.5853674 0.0001008 0.0001008
0.2685466 0.0504460 0.5849488 0.0188407 0.0772178
0.1888383 0.2825163 0.4326304 0.0529166 0.0430984
0.4123026 0.0001002 0.5326365 0.0001002 0.0548605
0.3159673 0.1408476 0.4885382 0.0001024 0.0545445
0.9650937 0.0001005 0.0312479 0.0001005 0.0034574
0.2790904 0.1442803 0.4168322 0.0108120 0.1489851
0.4634013 0.0151011 0.3348966 0.0001025 0.1864984
0.0473950 0.0000990 0.0000990 0.0000990 0.9523080
0.0456653 0.0000989 0.0000989 0.0000989 0.9540381
0.1934206 0.0224517 0.5264479 0.0324078 0.2252720
0.7591046 0.0003165 0.1957612 0.0161103 0.0287074
0.2682165 0.0001009 0.6759329 0.0001009 0.0556487
0.8008532 0.0001009 0.0688014 0.0001009 0.1301437
